
$orca_hessian_file

$act_atom
  0

$act_coord
  0

$act_energy
     -399.560075

$hessian
42
                    0                  1                  2                  3                  4        
    0      7.3437712878E-01  -8.6903962605E-03   5.1786760974E-02  -2.1043256467E-01  -1.3321160925E-01
    1     -8.6903962605E-03   6.6223513036E-01  -5.4511409251E-03  -7.4559558150E-02  -2.5868808403E-01
    2      5.1786760974E-02  -5.4511409251E-03   1.3393501081E-01  -1.2351975293E-02  -9.6067990399E-03
    3     -2.1043256467E-01  -7.4559558150E-02  -1.2351975293E-02   6.4440203760E-01  -1.3275888637E-02
    4     -1.3321160925E-01  -2.5868808403E-01  -9.6067990399E-03  -1.3275888637E-02   7.4354887616E-01
    5     -1.1876946625E-02  -4.6433492070E-03  -5.9154923703E-02   4.4178714681E-02  -6.3562036528E-03
    6     -1.5384495813E-01   3.7674042483E-02  -8.4738037219E-03   5.6391208128E-02   2.7669759894E-03
    7      9.7996684563E-02  -3.0303132839E-01   1.0529662330E-02  -3.8829538780E-02  -5.7265085070E-02
    8     -9.0404538852E-03   5.4507395504E-03  -6.0580904785E-02   4.5999452289E-03   7.8780198754E-04
    9     -4.1779225414E-02  -6.1690349957E-02  -3.5476582530E-03  -2.8556495083E-01   6.2354817627E-02
   10     -2.0542801844E-02   3.8335473278E-02  -2.0040124900E-03   2.0168226640E-02  -1.2328315462E-01
   11     -3.8996382225E-03  -5.5319725517E-03   5.5071431518E-03  -1.9358720183E-02   5.8977327072E-03
   12     -1.7718170258E-03  -9.9075183707E-03   4.0023857369E-04  -1.0898611269E-02   3.6374685855E-02
   13     -8.6630684246E-03  -5.8615040121E-02  -2.9720203768E-04   7.1106617292E-02   1.2474362061E-02
   14      3.9403323067E-04  -3.9020203261E-04  -5.4384481791E-03  -2.1824901918E-03   3.0651583565E-03
   15     -1.1619917342E-02   7.8805944639E-02  -2.1681792820E-03  -5.1728305893E-02  -2.0835299951E-02
   16      3.7682799771E-02   1.3829260504E-02   3.1794184785E-03  -1.9599248574E-02  -8.2005580581E-03
   17     -1.8302285400E-03   6.6162588384E-03   5.9150650025E-03  -3.7379360182E-03  -1.7344548441E-03
   18      1.1248558708E-02  -1.9514192232E-02   8.6124019785E-04  -9.3246175836E-02   9.2627628822E-02
   19      1.1324687266E-02  -1.7473565466E-02   1.1320605052E-03   9.4448697042E-02  -3.0319407817E-01
   20      5.8159706993E-04  -1.5121283151E-03   3.1799332426E-03  -5.6000462000E-03   9.9989713527E-03
   21     -3.0079628222E-03   6.6700249310E-03  -8.5408891043E-04  -3.9894612401E-02  -3.5142035415E-02
   22      3.5926873867E-03   6.2751293991E-03   2.8815225012E-04  -2.6172449934E-02  -2.6952344166E-03
   23     -8.0687772408E-04   5.1409236048E-04   5.9629289719E-03  -3.3150016812E-03  -2.9525888643E-03
   24     -3.2683935927E-01   4.2367791424E-02  -2.5119661361E-02  -1.5508934341E-02   5.4365702199E-03
   25      4.2581033878E-02  -6.5150878789E-02   3.8671921010E-03  -2.5620880395E-02   7.5585670062E-03
   26     -2.5112570173E-02   3.8312235174E-03  -3.8417068003E-02  -1.3321947846E-03   4.2301778178E-04
   27      1.0718570883E-02   1.0430638587E-02   5.7885299253E-04   2.1501546874E-04   2.8495273326E-03
   28     -2.0724708961E-02  -1.7843307410E-02  -1.5875578051E-03   3.7101161585E-03  -4.3377133776E-03
   29      8.3114940999E-04   1.1101244334E-03   2.9382155457E-03  -6.8869622015E-04   3.0601310709E-04
   30      8.2870086704E-04  -3.6409660908E-04   1.5388780553E-04   1.4825807281E-03   2.1373438110E-03
   31     -2.6572925553E-04  -1.0356665576E-03  -2.3520770678E-05   9.6423124706E-04  -5.6510467363E-03
   32      1.7693036721E-04  -3.1320968426E-05  -9.9231657122E-04  -4.2965110744E-04   2.7805872694E-04
   33     -6.0671481178E-03  -1.5753972700E-04  -1.1444554998E-03  -9.5998444957E-04  -7.0382933370E-04
   34      7.7380420281E-04   1.9247046604E-03   1.0951182347E-04  -6.5000840789E-04   5.3510399426E-04
   35     -1.1886060548E-03  -1.8324453893E-06   7.2461243289E-03   5.0911061691E-05  -4.0233836429E-05
   36     -1.6686616007E-03   4.0380410776E-04  -1.8851125379E-04   3.8643758605E-03  -2.3073639786E-04
   37     -1.4278804328E-03  -1.0740348207E-03  -9.8019599263E-05   8.6960164486E-03   4.6324269870E-03
   38     -2.6005104572E-04  -4.0626366110E-05   5.6905632345E-04   7.4855740563E-05  -7.2297804946E-05
   39      1.3767508926E-04  -8.3581844961E-04   8.6448551256E-05   1.0238053619E-03  -1.4839776163E-03
   40     -5.1088775083E-04  -3.6483114956E-04  -3.9396147078E-05  -4.5498194501E-06  -5.1943787375E-03
   41      6.6487707063E-05   3.6893244963E-05  -6.6757931682E-04  -1.5651496410E-05  -1.1342896641E-04
                    5                  6                  7                  8                  9        
    0     -1.1876946625E-02  -1.5384495813E-01   9.7996684563E-02  -9.0404538852E-03  -4.1779225414E-02
    1     -4.6433492070E-03   3.7674042483E-02  -3.0303132839E-01   5.4507395504E-03  -6.1690349957E-02
    2     -5.9154923703E-02  -8.4738037219E-03   1.0529662330E-02  -6.0580904785E-02  -3.5476582530E-03
    3      4.4178714681E-02   5.6391208128E-02  -3.8829538780E-02   4.5999452289E-03  -2.8556495083E-01
    4     -6.3562036528E-03   2.7669759894E-03  -5.7265085070E-02   7.8780198754E-04   6.2354817627E-02
    5      1.3068394383E-01   4.2040885513E-03  -2.7413212988E-03   6.4963967489E-03  -1.9756624027E-02
    6      4.2040885513E-03   6.8399134974E-01   4.1985897241E-02   4.7325421033E-02  -3.5489800188E-02
    7     -2.7413212988E-03   4.1985897241E-02   7.0583150500E-01  -1.6423282291E-03   3.1656239698E-02
    8      6.4963967489E-03   4.7325421033E-02  -1.6423282291E-03   1.3348261877E-01  -2.6914132799E-03
    9     -1.9756624027E-02  -3.5489800188E-02   3.1656239698E-02  -2.6914132799E-03   6.2938757995E-01
   10      2.3026085825E-03   3.1715005997E-02  -2.1693881566E-02   2.7888083317E-03   1.7572718465E-02
   11     -6.2378601549E-02  -2.7084294041E-03   2.7994445303E-03  -6.7457219565E-03   4.2729023316E-02
   12     -1.9186394983E-03  -4.4151957284E-02  -1.9198060639E-02  -4.1315361500E-03  -1.4738745080E-01
   13      6.0170942123E-03  -6.0905030123E-02   4.3989555356E-02  -5.5176490216E-03   5.0454751361E-02
   14      7.6789912756E-03  -3.7749115795E-03  -1.9353390903E-03   5.7993956501E-03  -8.0109084602E-03
   15     -3.7210939795E-03  -3.2288330083E-01   4.0728065780E-04  -2.2637733262E-02   5.1486834655E-02
   16     -1.6302658209E-03   6.0636931647E-02  -1.3284937841E-01   5.9565864767E-03  -1.3972880168E-04
   17     -5.7696341264E-03  -2.3191464338E-02   8.2079785578E-04  -6.1818453283E-02   3.8581555966E-03
   18     -5.6100960689E-03  -2.2105719385E-03  -3.4987394677E-03  -8.1766753320E-04  -7.2407949895E-03
   19      1.0194785189E-02  -4.4048075440E-03  -1.7923676172E-03  -2.9115528215E-04  -2.0031005482E-03
   20     -3.5811744985E-02  -8.4097038625E-04  -1.7256479088E-04   7.6415825299E-03  -8.1526555059E-04
   21     -3.2224533996E-03  -2.1583470460E-03  -1.8587699912E-03  -6.8121706120E-05  -1.4253509691E-01
   22     -2.1839539363E-03  -1.8392780551E-03  -2.9043104203E-03  -1.3839009774E-04  -1.1365870035E-01
   23      1.7165986746E-03  -4.3537658801E-05  -1.0967109879E-04  -1.1383302501E-03  -8.6844738892E-03
   24     -1.5826567511E-03  -7.1013936272E-03  -8.7690331871E-04  -8.3990516934E-04   3.7360868812E-04
   25     -2.2314525744E-03   3.0290262070E-02   4.7013113848E-04   2.5986207008E-03  -3.1113351542E-03
   26      2.5577627842E-03  -1.1196382902E-03  -4.0364344986E-05   2.7878618353E-03  -5.9626910986E-04
   27     -6.4365316281E-04  -1.6697867107E-01  -1.3516277367E-01  -1.0069915426E-02  -4.8844361113E-04
   28      4.1022776507E-04  -1.3515984614E-01  -2.2700558828E-01  -9.8825788675E-03   1.0722337383E-03
   29      7.3350089293E-03  -1.0044676326E-02  -9.8631346215E-03  -3.6451153947E-02   3.6572556317E-05
   30     -4.3046351465E-04  -9.4298393134E-05  -3.9385527240E-03  -6.4520005324E-04  -7.3185373653E-03
   31      1.8656886661E-04  -3.0318843410E-03  -3.9132876882E-03  -1.5483817494E-04   2.9760246166E-02
   32      6.0994332362E-03  -6.7648915426E-04  -2.2113976013E-04   7.6575339149E-03  -1.1588251360E-03
   33      1.8846502466E-05  -5.9672906973E-03   3.0543712392E-02  -1.0121164536E-03  -1.7809193555E-03
   34     -6.9086242943E-05  -6.1338283074E-04  -6.6403554059E-04  -2.6778624092E-05  -3.8286999419E-03
   35     -1.0997295312E-03  -6.5117666325E-04   2.5897368635E-03   2.7933878357E-03  -7.3178479346E-04
   36      2.0891784848E-04   2.0668083471E-03   1.7486649169E-03   1.6577650676E-04  -1.9223224732E-02
   37      7.2527002332E-04   1.6864851521E-03   2.7865514747E-03   1.2110670255E-04  -5.8412766485E-03
   38      1.4360224394E-03   1.8288129963E-04   1.0843117678E-04  -3.4811539643E-05  -5.3991762692E-04
   39      8.2728366965E-05  -9.7242728158E-04  -1.0950387215E-03  -8.5115594636E-05   7.9962867038E-03
   40      4.9601622363E-05  -1.0650122981E-03  -1.4173183916E-03  -7.6836583278E-05  -2.8725023365E-03
   41      2.2306363283E-04  -2.0180341462E-04   2.4559786918E-05   1.1742801677E-04   2.4214608136E-05
                   10                 11                 12                 13                 14        
    0     -2.0542801844E-02  -3.8996382225E-03  -1.7718170258E-03  -8.6630684246E-03   3.9403323067E-04
    1      3.8335473278E-02  -5.5319725517E-03  -9.9075183707E-03  -5.8615040121E-02  -3.9020203261E-04
    2     -2.0040124900E-03   5.5071431518E-03   4.0023857369E-04  -2.9720203768E-04  -5.4384481791E-03
    3      2.0168226640E-02  -1.9358720183E-02  -1.0898611269E-02   7.1106617292E-02  -2.1824901918E-03
    4     -1.2328315462E-01   5.8977327072E-03   3.6374685855E-02   1.2474362061E-02   3.0651583565E-03
    5      2.3026085825E-03  -6.2378601549E-02  -1.9186394983E-03   6.0170942123E-03   7.6789912756E-03
    6      3.1715005997E-02  -2.7084294041E-03  -4.4151957284E-02  -6.0905030123E-02  -3.7749115795E-03
    7     -2.1693881566E-02   2.7994445303E-03  -1.9198060639E-02   4.3989555356E-02  -1.9353390903E-03
    8      2.7888083317E-03  -6.7457219565E-03  -4.1315361500E-03  -5.5176490216E-03   5.7993956501E-03
    9      1.7572718465E-02   4.2729023316E-02  -1.4738745080E-01   5.0454751361E-02  -8.0109084602E-03
   10      6.3875027282E-01  -3.5125546619E-03   9.2666600338E-02  -2.6177575984E-01   9.8146913412E-03
   11     -3.5125546619E-03   1.3050941397E-01  -8.4406812741E-03   6.2719910981E-03  -6.1442913469E-02
   12      9.2666600338E-02  -8.4406812741E-03   7.3995479185E-01   7.5744292459E-03   5.2537876958E-02
   13     -2.6177575984E-01   6.2719910981E-03   7.5744292459E-03   6.4694504406E-01  -3.9594045527E-03
   14      9.8146913412E-03  -6.1442913469E-02   5.2537876958E-02  -3.9594045527E-03   1.3132877979E-01
   15     -4.1275493558E-02   4.2439591424E-03  -2.1163813321E-01  -7.4916524781E-02  -1.2563344036E-02
   16     -5.5797003571E-02   5.2014747489E-04  -1.3360315321E-01  -2.5771072292E-01  -9.7658575435E-03
   17     -2.9376232913E-03   6.1399185451E-03  -1.2043158787E-02  -4.7438415417E-03  -5.9166872238E-02
   18      2.9824485074E-02  -1.1017231769E-03  -5.8968294713E-03  -6.5170665309E-04  -1.0188396519E-03
   19     -1.2852780316E-03  -1.2918836559E-04   5.3925234409E-04   1.7682210237E-03   8.3565007446E-05
   20      2.6036095275E-03   2.7971121799E-03  -1.0259435044E-03   2.8525833709E-05   6.0570894534E-03
   21     -1.1450058576E-01  -9.0470786501E-03   8.2591167794E-03  -1.5952408838E-02   6.5838516867E-04
   22     -1.9302435273E-01  -8.2235880274E-03  -2.4702427893E-02  -5.1315350114E-02  -1.6167220202E-03
   23     -7.8311099684E-03  -2.6415665384E-02   7.4120642612E-04  -8.3727009484E-04   2.1031089399E-03
   24     -3.3618218913E-03  -6.0786772515E-04   7.5372101514E-04  -2.8073407439E-04   1.6636474426E-04
   25     -3.3753807529E-03  -1.7205356221E-04  -3.3644090290E-04  -1.1750527279E-03  -2.9514759328E-05
   26     -1.7841311385E-04   7.7680224292E-03   1.6424567125E-04  -2.8081141335E-05  -1.0838129945E-03
   27      1.0724976989E-03   2.7170839308E-05  -5.4222481555E-03   2.4826576790E-03  -1.1175578531E-03
   28     -2.0704166711E-05   8.2995252041E-05   1.6172059027E-03   1.3438894920E-03   1.8733242037E-04
   29      1.0297387195E-04  -9.1888924538E-04  -1.1312450865E-03   2.1283941043E-04   7.2924972299E-03
   30     -1.9937356922E-03  -8.4063514697E-04  -3.3065705896E-01   4.2397420362E-02  -2.5591928459E-02
   31     -1.2483560937E-03   2.5630264227E-03   4.0591125677E-02  -6.4085995659E-02   3.6962606609E-03
   32     -1.6834491348E-04   2.7746245806E-03  -2.5540880490E-02   3.8095730809E-03  -3.7445327264E-02
   33     -3.5980003557E-03  -7.9088303572E-04   1.0659047631E-02  -1.9871303202E-02   8.4667654418E-04
   34     -1.2020171052E-03  -2.5120794773E-04   1.1181286259E-02  -1.8816534804E-02   1.1471226021E-03
   35     -2.5757986920E-04   7.7563479796E-03   5.2604224538E-04  -1.5719189085E-03   2.7263602222E-03
   36     -4.7545422899E-03  -1.6495618609E-04   3.1357778827E-03   8.7330747374E-03   9.1197366663E-05
   37     -2.0382109145E-02  -3.0229816031E-05  -2.8141365564E-04   5.7206178086E-03  -6.3942953851E-05
   38     -5.4901149804E-04  -1.2894156026E-02   9.6268015185E-05   5.9251555738E-04   1.4078964361E-03
   39     -3.0267244250E-03  -2.5775653746E-06  -4.7731676102E-03  -1.2732341265E-03  -4.2136852868E-04
   40      6.3578954339E-03  -3.1110964777E-04  -2.7436586153E-03   4.2107111486E-04  -2.4507967062E-04
   41     -1.5736682662E-04   7.5625805176E-03  -2.9067025594E-04  -5.1313676538E-05   1.9114645438E-04
                   15                 16                 17                 18                 19        
    0     -1.1619917342E-02   3.7682799771E-02  -1.8302285400E-03   1.1248558708E-02   1.1324687266E-02
    1      7.8805944639E-02   1.3829260504E-02   6.6162588384E-03  -1.9514192232E-02  -1.7473565466E-02
    2     -2.1681792820E-03   3.1794184785E-03   5.9150650025E-03   8.6124019785E-04   1.1320605052E-03
    3     -5.1728305893E-02  -1.9599248574E-02  -3.7379360182E-03  -9.3246175836E-02   9.4448697042E-02
    4     -2.0835299951E-02  -8.2005580581E-03  -1.7344548441E-03   9.2627628822E-02  -3.0319407817E-01
    5     -3.7210939795E-03  -1.6302658209E-03  -5.7696341264E-03  -5.6100960689E-03   1.0194785189E-02
    6     -3.2288330083E-01   6.0636931647E-02  -2.3191464338E-02  -2.2105719385E-03  -4.4048075440E-03
    7      4.0728065780E-04  -1.3284937841E-01   8.2079785578E-04  -3.4987394677E-03  -1.7923676172E-03
    8     -2.2637733262E-02   5.9565864767E-03  -6.1818453283E-02  -8.1766753320E-04  -2.9115528215E-04
    9      5.1486834655E-02  -1.3972880168E-04   3.8581555966E-03  -7.2407949895E-03  -2.0031005482E-03
   10     -4.1275493558E-02  -5.5797003571E-02  -2.9376232913E-03   2.9824485074E-02  -1.2852780316E-03
   11      4.2439591424E-03   5.2014747489E-04   6.1399185451E-03  -1.1017231769E-03  -1.2918836559E-04
   12     -2.1163813321E-01  -1.3360315321E-01  -1.2043158787E-02  -5.8968294713E-03   5.3925234409E-04
   13     -7.4916524781E-02  -2.5771072292E-01  -4.7438415417E-03  -6.5170665309E-04   1.7682210237E-03
   14     -1.2563344036E-02  -9.7658575435E-03  -5.9166872238E-02  -1.0188396519E-03   8.3565007446E-05
   15      6.6539632115E-01  -2.3295398407E-02   4.6170645806E-02  -8.2492331093E-04  -7.1673830110E-04
   16     -2.3295398407E-02   7.3227044905E-01  -7.1715949507E-03  -6.2016350515E-04   6.1529953196E-04
   17      4.6170645806E-02  -7.1715949507E-03   1.3358725203E-01   2.2249336296E-05  -7.3001596040E-05
   18     -8.2492331093E-04  -6.2016350515E-04   2.2249336296E-05   9.6279800251E-02  -9.9587216577E-02
   19     -7.1673830110E-04   6.1529953196E-04  -7.3001596040E-05  -9.9587216577E-02   3.2056725178E-01
   20      1.5171354722E-05  -9.0386415771E-05  -1.0036490413E-03   6.8055118037E-03  -1.0847284980E-02
   21      3.8459172290E-03   5.0492618835E-03  -2.3578482129E-04   1.8541618454E-03  -5.9866325328E-04
   22      8.2111426446E-03  -4.8300007161E-04   7.4498461097E-04   1.3512823804E-03   6.1515875447E-04
   23     -3.1682662977E-04   4.6089218585E-04   5.9829726825E-03   4.3039301386E-04  -6.2683903899E-05
   24      1.4683525709E-03   2.4153942799E-03  -5.3696638714E-04   7.7930648439E-04  -9.3702022181E-05
   25      1.4952970452E-03  -5.6654039605E-03   2.4021936234E-04   2.9356522729E-04   8.1605386715E-04
   26     -5.1147356355E-04   3.1395329521E-04   7.3040711965E-03   4.2147219602E-04  -4.2526674275E-05
   27     -1.4277064271E-02  -2.6194994061E-02  -1.2321250770E-03   3.9238635355E-04   6.1140663970E-04
   28      4.9527483113E-03   7.3270686817E-03   3.9732422879E-04  -1.0801510470E-03  -9.9529502667E-04
   29     -1.4646344235E-03  -2.2819274433E-03   2.7654753856E-03   3.1981969496E-05   6.5532884273E-05
   30     -1.4316149833E-02   5.7118835199E-03  -1.5253149454E-03  -4.0283818103E-04  -5.0242689420E-05
   31     -2.5125105557E-02   8.2709829476E-03  -2.1963547932E-03   1.6337224758E-03  -6.0642622970E-05
   32     -1.2527382105E-03   4.6979730614E-04   3.0000353634E-03  -8.5040860781E-05  -7.8410013332E-06
   33     -9.4564026080E-02   9.3504340486E-02  -5.7069487157E-03   8.3041582064E-05   6.5602590220E-05
   34      9.3293974254E-02  -2.9917527193E-01   1.0113346275E-02   4.8555740205E-05  -3.8407487155E-05
   35     -5.7021600265E-03   1.0172696675E-02  -3.6840015447E-02   8.8911312207E-05   3.4481148048E-05
   36     -9.5133111921E-04  -1.2005122574E-03  -1.2329266840E-04  -1.0401742946E-03   1.9808732807E-04
   37      4.9822676968E-04  -1.7636805113E-03   4.5478530360E-05  -1.0921190718E-03   3.4040824203E-04
   38     -1.1825581094E-04  -8.4043607101E-05   5.8065332435E-04  -7.7872371569E-05   8.7727671551E-05
   39     -7.1931603237E-05  -5.9145535377E-04   5.6374798815E-05   2.3007421255E-04   1.5015233498E-04
   40     -8.6453528481E-04  -1.8990057500E-04  -7.2085225626E-05   3.2511365929E-04   9.0870020590E-05
   41      1.1580786412E-04  -1.3631343549E-04  -6.5549158672E-04   3.8526186620E-06  -1.1087684985E-05
                   20                 21                 22                 23                 24        
    0      5.8159706993E-04  -3.0079628222E-03   3.5926873867E-03  -8.0687772408E-04  -3.2683935927E-01
    1     -1.5121283151E-03   6.6700249310E-03   6.2751293991E-03   5.1409236048E-04   4.2367791424E-02
    2      3.1799332426E-03  -8.5408891043E-04   2.8815225012E-04   5.9629289719E-03  -2.5119661361E-02
    3     -5.6000462000E-03  -3.9894612401E-02  -2.6172449934E-02  -3.3150016812E-03  -1.5508934341E-02
    4      9.9989713527E-03  -3.5142035415E-02  -2.6952344166E-03  -2.9525888643E-03   5.4365702199E-03
    5     -3.5811744985E-02  -3.2224533996E-03  -2.1839539363E-03   1.7165986746E-03  -1.5826567511E-03
    6     -8.4097038625E-04  -2.1583470460E-03  -1.8392780551E-03  -4.3537658801E-05  -7.1013936272E-03
    7     -1.7256479088E-04  -1.8587699912E-03  -2.9043104203E-03  -1.0967109879E-04  -8.7690331871E-04
    8      7.6415825299E-03  -6.8121706120E-05  -1.3839009774E-04  -1.1383302501E-03  -8.3990516934E-04
    9     -8.1526555059E-04  -1.4253509691E-01  -1.1365870035E-01  -8.6844738892E-03   3.7360868812E-04
   10      2.6036095275E-03  -1.1450058576E-01  -1.9302435273E-01  -7.8311099684E-03  -3.3618218913E-03
   11      2.7971121799E-03  -9.0470786501E-03  -8.2235880274E-03  -2.6415665384E-02  -6.0786772515E-04
   12     -1.0259435044E-03   8.2591167794E-03  -2.4702427893E-02   7.4120642612E-04   7.5372101514E-04
   13      2.8525833709E-05  -1.5952408838E-02  -5.1315350114E-02  -8.3727009484E-04  -2.8073407439E-04
   14      6.0570894534E-03   6.5838516867E-04  -1.6167220202E-03   2.1031089399E-03   1.6636474426E-04
   15      1.5171354722E-05   3.8459172290E-03   8.2111426446E-03  -3.1682662977E-04   1.4683525709E-03
   16     -9.0386415771E-05   5.0492618835E-03  -4.8300007161E-04   4.6089218585E-04   2.4153942799E-03
   17     -1.0036490413E-03  -2.3578482129E-04   7.4498461097E-04   5.9829726825E-03  -5.3696638714E-04
   18      6.8055118037E-03   1.8541618454E-03   1.3512823804E-03   4.3039301386E-04   7.7930648439E-04
   19     -1.0847284980E-02  -5.9866325328E-04   6.1515875447E-04  -6.2683903899E-05  -9.3702022181E-05
   20      2.5275584320E-02   4.3054781726E-04   4.7701193109E-05  -3.4205050130E-03   4.5805133788E-04
   21      4.3054781726E-04   6.5198255410E-01   7.2370841605E-01   4.0582380146E-02  -8.5004815472E-04
   22      4.7701193109E-05   7.2370841605E-01   9.4392349306E-01   4.6959982742E-02  -1.0430865559E-04
   23     -3.4205050130E-03   4.0582380146E-02   4.6959982742E-02   3.5605457084E-02  -9.0382005311E-05
   24      4.5805133788E-04  -8.5004815472E-04  -1.0430865559E-04  -9.0382005311E-05   3.4698407991E-01
   25     -2.2954954819E-05  -1.0818637746E-03   2.2840120741E-04  -9.2511469828E-05  -4.5533260351E-02
   26     -4.1967573670E-03  -1.1184134667E-04  -1.9343367483E-05   4.4290565282E-04   2.7769749061E-02
   27      1.7015845293E-05   1.9102225117E-04  -3.6421264958E-05   1.4335088998E-04   6.8160530056E-04
   28     -8.5873934560E-05  -2.1688562511E-05   1.7811056537E-04   6.9962076026E-06   1.2397258687E-04
   29      1.0818028452E-04   1.3042427891E-04  -1.0276933199E-05  -1.2686540686E-03   4.2161638252E-04
   30     -5.7557843415E-05   4.5882337760E-04  -9.0085059427E-04   3.7700933038E-04  -6.3013673592E-05
   31      1.4103775098E-04   1.0992717112E-03   1.9814310388E-03   2.6157345356E-05   1.5220187915E-05
   32      4.3308160234E-04   3.2686771820E-04  -1.0813956189E-04  -3.3999117051E-03   1.0040403806E-04
   33      1.0997285267E-04   4.2407630177E-04  -7.9884863863E-04  -8.9390170703E-07  -5.1238904036E-04
   34     -1.9073652213E-05   1.6040986857E-04  -1.0606486994E-03   4.4505483822E-05  -3.7128991803E-05
   35     -1.1362376155E-03  -8.0074967061E-06  -5.4928145362E-05   4.5322923849E-04  -9.0050812609E-05
   36     -7.7900229164E-05  -4.7037918051E-01  -5.4545262565E-01  -2.8220195840E-02   2.5198059210E-04
   37     -9.8402135429E-05  -5.4406385979E-01  -6.8593560200E-01  -3.5060676230E-02   4.9949797099E-04
   38     -1.9347701934E-04  -2.7510612668E-02  -3.4273474915E-02  -2.7265948037E-02   3.6527637689E-05
   39      7.0457762160E-07  -7.8816708457E-03  -2.2989719248E-02  -7.7615193692E-04  -3.4864214757E-04
   40      3.4219680125E-05  -2.3244795938E-02  -1.5312507145E-02  -1.0569917604E-03  -5.3739987313E-04
   41      2.4005587323E-04  -8.4463793331E-04  -1.1337498066E-03   1.0487254738E-02   6.5151526960E-05
                   25                 26                 27                 28                 29        
    0      4.2581033878E-02  -2.5112570173E-02   1.0718570883E-02  -2.0724708961E-02   8.3114940999E-04
    1     -6.5150878789E-02   3.8312235174E-03   1.0430638587E-02  -1.7843307410E-02   1.1101244334E-03
    2      3.8671921010E-03  -3.8417068003E-02   5.7885299253E-04  -1.5875578051E-03   2.9382155457E-03
    3     -2.5620880395E-02  -1.3321947846E-03   2.1501546874E-04   3.7101161585E-03  -6.8869622015E-04
    4      7.5585670062E-03   4.2301778178E-04   2.8495273326E-03  -4.3377133776E-03   3.0601310709E-04
    5     -2.2314525744E-03   2.5577627842E-03  -6.4365316281E-04   4.1022776507E-04   7.3350089293E-03
    6      3.0290262070E-02  -1.1196382902E-03  -1.6697867107E-01  -1.3515984614E-01  -1.0044676326E-02
    7      4.7013113848E-04  -4.0364344986E-05  -1.3516277367E-01  -2.2700558828E-01  -9.8631346215E-03
    8      2.5986207008E-03   2.7878618353E-03  -1.0069915426E-02  -9.8825788675E-03  -3.6451153947E-02
    9     -3.1113351542E-03  -5.9626910986E-04  -4.8844361113E-04   1.0722337383E-03   3.6572556317E-05
   10     -3.3753807529E-03  -1.7841311385E-04   1.0724976989E-03  -2.0704166711E-05   1.0297387195E-04
   11     -1.7205356221E-04   7.7680224292E-03   2.7170839308E-05   8.2995252041E-05  -9.1888924538E-04
   12     -3.3644090290E-04   1.6424567125E-04  -5.4222481555E-03   1.6172059027E-03  -1.1312450865E-03
   13     -1.1750527279E-03  -2.8081141335E-05   2.4826576790E-03   1.3438894920E-03   2.1283941043E-04
   14     -2.9514759328E-05  -1.0838129945E-03  -1.1175578531E-03   1.8733242037E-04   7.2924972299E-03
   15      1.4952970452E-03  -5.1147356355E-04  -1.4277064271E-02   4.9527483113E-03  -1.4646344235E-03
   16     -5.6654039605E-03   3.1395329521E-04  -2.6194994061E-02   7.3270686817E-03  -2.2819274433E-03
   17      2.4021936234E-04   7.3040711965E-03  -1.2321250770E-03   3.9732422879E-04   2.7654753856E-03
   18      2.9356522729E-04   4.2147219602E-04   3.9238635355E-04  -1.0801510470E-03   3.1981969496E-05
   19      8.1605386715E-04  -4.2526674275E-05   6.1140663970E-04  -9.9529502667E-04   6.5532884273E-05
   20     -2.2954954819E-05  -4.1967573670E-03   1.7015845293E-05  -8.5873934560E-05   1.0818028452E-04
   21     -1.0818637746E-03  -1.1184134667E-04   1.9102225117E-04  -2.1688562511E-05   1.3042427891E-04
   22      2.2840120741E-04  -1.9343367483E-05  -3.6421264958E-05   1.7811056537E-04  -1.0276933199E-05
   23     -9.2511469828E-05   4.4290565282E-04   1.4335088998E-04   6.9962076026E-06  -1.2686540686E-03
   24     -4.5533260351E-02   2.7769749061E-02   6.8160530056E-04   1.2397258687E-04   4.2161638252E-04
   25      6.5708545723E-02  -4.2118667322E-03  -3.4363424361E-04   9.3059808339E-04  -7.3662234353E-05
   26     -4.2118667322E-03   2.7948104307E-02   3.9573667832E-04  -3.3191505892E-05  -3.8928695177E-03
   27     -3.4363424361E-04   3.9573667832E-04   1.7491956289E-01   1.4545304057E-01   1.1562568865E-02
   28      9.3059808339E-04  -3.3191505892E-05   1.4545304057E-01   2.3958799401E-01   1.0538640519E-02
   29     -7.3662234353E-05  -3.8928695177E-03   1.1562568865E-02   1.0538640519E-02   2.5757502948E-02
   30      3.2870463104E-05   9.2429029399E-05  -8.2643285249E-04   3.4537305426E-04  -7.5930154536E-05
   31      1.0936937860E-04  -9.5101271049E-06  -1.3481984303E-03   2.3260608812E-04  -1.1731759137E-04
   32     -9.6588272238E-06  -1.1364291672E-03  -6.5732825140E-05   3.2599799278E-05   1.0207865328E-04
   33      1.5964944341E-03  -6.5181803684E-05   9.3542193019E-04  -2.8704305646E-04   4.0421475693E-04
   34     -1.7517875745E-04  -2.7211862480E-06   1.7969664162E-04   6.7467823548E-04   6.3681232456E-06
   35      1.4693819835E-04   9.3756734899E-05   4.1169290767E-04  -6.9329152656E-05  -3.8827769148E-03
   36     -6.8603710488E-05   2.2604252324E-05   2.9989113429E-05   1.8498767740E-05  -7.4636510177E-06
   37      8.6087899114E-05   2.8070061069E-05   1.5309964938E-05   3.4906550458E-05  -1.0259304013E-05
   38     -9.9718457000E-06  -1.3907924578E-04  -5.6736757814E-07   1.5303671111E-06   2.2690866733E-06
   39     -1.6110099831E-04  -1.2127350954E-05  -1.0804658094E-04  -1.0564736917E-04  -6.8806962545E-06
   40     -4.0059921853E-04  -2.7088515362E-05  -1.0132996516E-04  -1.5357087835E-04   6.6195888153E-06
   41     -2.1663355975E-05  -3.5716615468E-05  -5.5469063701E-05  -5.8748331744E-05   1.0488699870E-04
                   30                 31                 32                 33                 34        
    0      8.2870086704E-04  -2.6572925553E-04   1.7693036721E-04  -6.0671481178E-03   7.7380420281E-04
    1     -3.6409660908E-04  -1.0356665576E-03  -3.1320968426E-05  -1.5753972700E-04   1.9247046604E-03
    2      1.5388780553E-04  -2.3520770678E-05  -9.9231657122E-04  -1.1444554998E-03   1.0951182347E-04
    3      1.4825807281E-03   9.6423124706E-04  -4.2965110744E-04  -9.5998444957E-04  -6.5000840789E-04
    4      2.1373438110E-03  -5.6510467363E-03   2.7805872694E-04  -7.0382933370E-04   5.3510399426E-04
    5     -4.3046351465E-04   1.8656886661E-04   6.0994332362E-03   1.8846502466E-05  -6.9086242943E-05
    6     -9.4298393134E-05  -3.0318843410E-03  -6.7648915426E-04  -5.9672906973E-03  -6.1338283074E-04
    7     -3.9385527240E-03  -3.9132876882E-03  -2.2113976013E-04   3.0543712392E-02  -6.6403554059E-04
    8     -6.4520005324E-04  -1.5483817494E-04   7.6575339149E-03  -1.0121164536E-03  -2.6778624092E-05
    9     -7.3185373653E-03   2.9760246166E-02  -1.1588251360E-03  -1.7809193555E-03  -3.8286999419E-03
   10     -1.9937356922E-03  -1.2483560937E-03  -1.6834491348E-04  -3.5980003557E-03  -1.2020171052E-03
   11     -8.4063514697E-04   2.5630264227E-03   2.7746245806E-03  -7.9088303572E-04  -2.5120794773E-04
   12     -3.3065705896E-01   4.0591125677E-02  -2.5540880490E-02   1.0659047631E-02   1.1181286259E-02
   13      4.2397420362E-02  -6.4085995659E-02   3.8095730809E-03  -1.9871303202E-02  -1.8816534804E-02
   14     -2.5591928459E-02   3.6962606609E-03  -3.7445327264E-02   8.4667654418E-04   1.1471226021E-03
   15     -1.4316149833E-02  -2.5125105557E-02  -1.2527382105E-03  -9.4564026080E-02   9.3293974254E-02
   16      5.7118835199E-03   8.2709829476E-03   4.6979730614E-04   9.3504340486E-02  -2.9917527193E-01
   17     -1.5253149454E-03  -2.1963547932E-03   3.0000353634E-03  -5.7069487157E-03   1.0113346275E-02
   18     -4.0283818103E-04   1.6337224758E-03  -8.5040860781E-05   8.3041582064E-05   4.8555740205E-05
   19     -5.0242689420E-05  -6.0642622970E-05  -7.8410013332E-06   6.5602590220E-05  -3.8407487155E-05
   20     -5.7557843415E-05   1.4103775098E-04   4.3308160234E-04   1.0997285267E-04  -1.9073652213E-05
   21      4.5882337760E-04   1.0992717112E-03   3.2686771820E-04   4.2407630177E-04   1.6040986857E-04
   22     -9.0085059427E-04   1.9814310388E-03  -1.0813956189E-04  -7.9884863863E-04  -1.0606486994E-03
   23      3.7700933038E-04   2.6157345356E-05  -3.3999117051E-03  -8.9390170703E-07   4.4505483822E-05
   24     -6.3013673592E-05   1.5220187915E-05   1.0040403806E-04  -5.1238904036E-04  -3.7128991803E-05
   25      3.2870463104E-05   1.0936937860E-04  -9.6588272238E-06   1.5964944341E-03  -1.7517875745E-04
   26      9.2429029399E-05  -9.5101271049E-06  -1.1364291672E-03  -6.5181803684E-05  -2.7211862480E-06
   27     -8.2643285249E-04  -1.3481984303E-03  -6.5732825140E-05   9.3542193019E-04   1.7969664162E-04
   28      3.4537305426E-04   2.3260608812E-04   3.2599799278E-05  -2.8704305646E-04   6.7467823548E-04
   29     -7.5930154536E-05  -1.1731759137E-04   1.0207865328E-04   4.0421475693E-04   6.3681232456E-06
   30      3.4970920949E-01  -4.4016979888E-02   2.8123755544E-02   7.4018943515E-04  -1.0199457753E-04
   31     -4.4016979888E-02   6.5353043028E-02  -4.0649470108E-03   2.8339190844E-04   8.5707487554E-04
   32      2.8123755544E-02  -4.0649470108E-03   2.7031009881E-02   4.2990517477E-04  -6.9002075271E-05
   33      7.4018943515E-04   2.8339190844E-04   4.2990517477E-04   9.7213328812E-02  -1.0030274467E-01
   34     -1.0199457753E-04   8.5707487554E-04  -6.9002075271E-05  -1.0030274467E-01   3.1734908836E-01
   35      4.1425795353E-04  -1.7953133105E-05  -4.1883310538E-03   6.8867562270E-03  -1.0911890426E-02
   36      4.7692109730E-04  -7.8383191143E-04   6.9234627089E-05   1.7859739076E-05   4.7143483061E-04
   37      5.2961861735E-04  -1.1283947533E-03   6.8153487714E-05  -1.0680973268E-04   3.3573206813E-04
   38      4.6998147546E-05  -4.9999227494E-05  -1.9030492608E-04  -1.6611338548E-06   7.2827006919E-05
   39      1.6677464819E-06   2.6487824882E-04  -1.6947352467E-05  -2.6348103932E-04  -5.3273810007E-04
   40      1.0326148691E-04   2.9342664753E-04   1.3175834975E-05  -1.4309660970E-04  -4.9076358347E-04
   41      2.6906804194E-05   1.0442751190E-05   2.4169377257E-04   8.4931990925E-06  -9.1019235981E-05
                   35                 36                 37                 38                 39        
    0     -1.1886060548E-03  -1.6686616007E-03  -1.4278804328E-03  -2.6005104572E-04   1.3767508926E-04
    1     -1.8324453893E-06   4.0380410776E-04  -1.0740348207E-03  -4.0626366110E-05  -8.3581844961E-04
    2      7.2461243289E-03  -1.8851125379E-04  -9.8019599263E-05   5.6905632345E-04   8.6448551256E-05
    3      5.0911061691E-05   3.8643758605E-03   8.6960164486E-03   7.4855740563E-05   1.0238053619E-03
    4     -4.0233836429E-05  -2.3073639786E-04   4.6324269870E-03  -7.2297804946E-05  -1.4839776163E-03
    5     -1.0997295312E-03   2.0891784848E-04   7.2527002332E-04   1.4360224394E-03   8.2728366965E-05
    6     -6.5117666325E-04   2.0668083471E-03   1.6864851521E-03   1.8288129963E-04  -9.7242728158E-04
    7      2.5897368635E-03   1.7486649169E-03   2.7865514747E-03   1.0843117678E-04  -1.0950387215E-03
    8      2.7933878357E-03   1.6577650676E-04   1.2110670255E-04  -3.4811539643E-05  -8.5115594636E-05
    9     -7.3178479346E-04  -1.9223224732E-02  -5.8412766485E-03  -5.3991762692E-04   7.9962867038E-03
   10     -2.5757986920E-04  -4.7545422899E-03  -2.0382109145E-02  -5.4901149804E-04  -3.0267244250E-03
   11      7.7563479796E-03  -1.6495618609E-04  -3.0229816031E-05  -1.2894156026E-02  -2.5775653746E-06
   12      5.2604224538E-04   3.1357778827E-03  -2.8141365564E-04   9.6268015185E-05  -4.7731676102E-03
   13     -1.5719189085E-03   8.7330747374E-03   5.7206178086E-03   5.9251555738E-04  -1.2732341265E-03
   14      2.7263602222E-03   9.1197366663E-05  -6.3942953851E-05   1.4078964361E-03  -4.2136852868E-04
   15     -5.7021600265E-03  -9.5133111921E-04   4.9822676968E-04  -1.1825581094E-04  -7.1931603237E-05
   16      1.0172696675E-02  -1.2005122574E-03  -1.7636805113E-03  -8.4043607101E-05  -5.9145535377E-04
   17     -3.6840015447E-02  -1.2329266840E-04   4.5478530360E-05   5.8065332435E-04   5.6374798815E-05
   18      8.8911312207E-05  -1.0401742946E-03  -1.0921190718E-03  -7.7872371569E-05   2.3007421255E-04
   19      3.4481148048E-05   1.9808732807E-04   3.4040824203E-04   8.7727671551E-05   1.5015233498E-04
   20     -1.1362376155E-03  -7.7900229164E-05  -9.8402135429E-05  -1.9347701934E-04   7.0457762160E-07
   21     -8.0074967061E-06  -4.7037918051E-01  -5.4406385979E-01  -2.7510612668E-02  -7.8816708457E-03
   22     -5.4928145362E-05  -5.4545262565E-01  -6.8593560200E-01  -3.4273474915E-02  -2.2989719248E-02
   23      4.5322923849E-04  -2.8220195840E-02  -3.5060676230E-02  -2.7265948037E-02  -7.7615193692E-04
   24     -9.0050812609E-05   2.5198059210E-04   4.9949797099E-04   3.6527637689E-05  -3.4864214757E-04
   25      1.4693819835E-04  -6.8603710488E-05   8.6087899114E-05  -9.9718457000E-06  -1.6110099831E-04
   26      9.3756734899E-05   2.2604252324E-05   2.8070061069E-05  -1.3907924578E-04  -1.2127350954E-05
   27      4.1169290767E-04   2.9989113429E-05   1.5309964938E-05  -5.6736757814E-07  -1.0804658094E-04
   28     -6.9329152656E-05   1.8498767740E-05   3.4906550458E-05   1.5303671111E-06  -1.0564736917E-04
   29     -3.8827769148E-03  -7.4636510177E-06  -1.0259304013E-05   2.2690866733E-06  -6.8806962545E-06
   30      4.1425795353E-04   4.7692109730E-04   5.2961861735E-04   4.6998147546E-05   1.6677464819E-06
   31     -1.7953133105E-05  -7.8383191143E-04  -1.1283947533E-03  -4.9999227494E-05   2.6487824882E-04
   32     -4.1883310538E-03   6.9234627089E-05   6.8153487714E-05  -1.9030492608E-04  -1.6947352467E-05
   33      6.8867562270E-03   1.7859739076E-05  -1.0680973268E-04  -1.6611338548E-06  -2.6348103932E-04
   34     -1.0911890426E-02   4.7143483061E-04   3.3573206813E-04   7.2827006919E-05  -5.3273810007E-04
   35      2.6266557831E-02   6.7306917612E-06  -6.6728538369E-06  -1.4731407691E-04  -1.7828787764E-05
   36      6.7306917612E-06   7.8698244889E-01   8.5016919005E-01   4.4775583188E-02  -3.0374628935E-01
   37     -6.6728538369E-06   8.5016919005E-01   1.1217373300E+00   5.3722220457E-02  -3.0939841554E-01
   38     -1.4731407691E-04   4.4775583188E-02   5.3722220457E-02   8.0601580220E-02  -1.6715169889E-02
   39     -1.7828787764E-05  -3.0374628935E-01  -3.0939841554E-01  -1.6715169889E-02   3.0867238855E-01
   40     -9.7599772121E-06  -3.0941504608E-01  -4.2572631845E-01  -1.9513166800E-02   3.4093745007E-01
   41     -4.2012052780E-05  -1.6682281324E-02  -1.9492481499E-02  -4.3364666699E-02   1.7773200997E-02
                   40                 41        
     0     -5.1088775083E-04   6.6487707063E-05
     1     -3.6483114956E-04   3.6893244963E-05
     2     -3.9396147078E-05  -6.6757931682E-04
     3     -4.5498194501E-06  -1.5651496410E-05
     4     -5.1943787375E-03  -1.1342896641E-04
     5      4.9601622363E-05   2.2306363283E-04
     6     -1.0650122981E-03  -2.0180341462E-04
     7     -1.4173183916E-03   2.4559786918E-05
     8     -7.6836583278E-05   1.1742801677E-04
     9     -2.8725023365E-03   2.4214608136E-05
    10      6.3578954339E-03  -1.5736682662E-04
    11     -3.1110964777E-04   7.5625805176E-03
    12     -2.7436586153E-03  -2.9067025594E-04
    13      4.2107111486E-04  -5.1313676538E-05
    14     -2.4507967062E-04   1.9114645438E-04
    15     -8.6453528481E-04   1.1580786412E-04
    16     -1.8990057500E-04  -1.3631343549E-04
    17     -7.2085225626E-05  -6.5549158672E-04
    18      3.2511365929E-04   3.8526186620E-06
    19      9.0870020590E-05  -1.1087684985E-05
    20      3.4219680125E-05   2.4005587323E-04
    21     -2.3244795938E-02  -8.4463793331E-04
    22     -1.5312507145E-02  -1.1337498066E-03
    23     -1.0569917604E-03   1.0487254738E-02
    24     -5.3739987313E-04   6.5151526960E-05
    25     -4.0059921853E-04  -2.1663355975E-05
    26     -2.7088515362E-05  -3.5716615468E-05
    27     -1.0132996516E-04  -5.5469063701E-05
    28     -1.5357087835E-04  -5.8748331744E-05
    29      6.6195888153E-06   1.0488699870E-04
    30      1.0326148691E-04   2.6906804194E-05
    31      2.9342664753E-04   1.0442751190E-05
    32      1.3175834975E-05   2.4169377257E-04
    33     -1.4309660970E-04   8.4931990925E-06
    34     -4.9076358347E-04  -9.1019235981E-05
    35     -9.7599772121E-06  -4.2012052780E-05
    36     -3.0941504608E-01  -1.6682281324E-02
    37     -4.2572631845E-01  -1.9492481499E-02
    38     -1.9513166800E-02  -4.3364666699E-02
    39      3.4093745007E-01   1.7773200997E-02
    40      4.4192543144E-01   2.1186752568E-02
    41      2.1186752568E-02   2.5365115959E-02

$vibrational_frequencies
42
    0        0.000000
    1        0.000000
    2        0.000000
    3        0.000000
    4        0.000000
    5        0.000000
    6       26.451771
    7       73.343280
    8      256.062182
    9      404.437336
   10      409.232181
   11      411.903377
   12      454.865620
   13      484.254678
   14      486.643643
   15      637.614252
   16      694.074334
   17      737.739166
   18      754.370312
   19      847.637819
   20      921.495967
   21      976.096559
   22      994.049612
   23     1020.550744
   24     1048.872253
   25     1103.880340
   26     1127.100614
   27     1189.583574
   28     1206.041472
   29     1321.030114
   30     1357.110113
   31     1445.993953
   32     1471.702113
   33     1529.672381
   34     1602.489095
   35     1632.277792
   36     2430.847780
   37     3169.649137
   38     3177.280137
   39     3187.652381
   40     3194.797421
   41     3198.838948

$normal_modes
42 42
                    0                  1                  2                  3                  4        
    0      0.0000000000E+00   0.0000000000E+00   0.0000000000E+00   0.0000000000E+00   0.0000000000E+00
    1      0.0000000000E+00   0.0000000000E+00   0.0000000000E+00   0.0000000000E+00   0.0000000000E+00
    2      0.0000000000E+00   0.0000000000E+00   0.0000000000E+00   0.0000000000E+00   0.0000000000E+00
    3      0.0000000000E+00   0.0000000000E+00   0.0000000000E+00   0.0000000000E+00   0.0000000000E+00
    4      0.0000000000E+00   0.0000000000E+00   0.0000000000E+00   0.0000000000E+00   0.0000000000E+00
    5      0.0000000000E+00   0.0000000000E+00   0.0000000000E+00   0.0000000000E+00   0.0000000000E+00
    6      0.0000000000E+00   0.0000000000E+00   0.0000000000E+00   0.0000000000E+00   0.0000000000E+00
    7      0.0000000000E+00   0.0000000000E+00   0.0000000000E+00   0.0000000000E+00   0.0000000000E+00
    8      0.0000000000E+00   0.0000000000E+00   0.0000000000E+00   0.0000000000E+00   0.0000000000E+00
